[(0,0), (156,332), (356,356)]
[(1694,1694), (1862,1889), (2069,2100), (2107,2107)]
[(831,831), (923,923)]
[(1697,1697), (1750,1754), (1835,1845), (1921,1965), (2048,2061), (2124,2124)]
[(1356,1356), (1548,1570), (1616,1616)]
[(409,409), (583,758), (905,905)]
[(237,237), (380,396), (425,425)]
[(1766,1766), (1937,2131), (2275,2275)]
[(675,675), (750,758), (793,793)]
[(907,907), (1103,1174), (1204,1204)]
[(1069,1069), (1227,1227)]
[(263,263), (318,321), (371,393), (450,505), (553,553)]
[(1771,1771), (1917,1917)]
[(391,391), (557,567), (736,746), (762,762)]
[(720,720), (763,763)]
[(109,109), (176,176)]
[(1205,1205), (1359,1422), (1490,1490)]
[(451,451), (540,540)]
[(1486,1486), (1534,1534)]
[(751,751), (873,889), (917,917)]
[(948,948), (1120,1213), (1301,1301)]
[(1146,1146), (1205,1205)]
[(1359,1359), (1498,1498)]
[(137,137), (209,219), (297,301), (389,425), (495,495)]
[(333,333), (476,489), (511,511)]
[(441,441), (600,600)]
[(98,98), (140,179), (220,220)]
[(1747,1747), (1874,1874)]
[(1470,1470), (1649,1668), (1749,1749)]
[(1699,1699), (1761,1775), (1834,1834)]
[(828,828), (955,972), (1070,1070)]
[(59,59), (302,319), (439,439)]
[(1763,1763), (1876,1952), (2009,2009)]
[(364,364), (433,463), (494,494)]
[(1170,1170), (1322,1399), (1430,1430)]
[(54,54), (202,244), (267,267)]
[(771,771), (874,944), (1035,1035)]
[(1562,1562), (1671,1671)]
[(82,82), (291,555), (596,596)]
[(591,591), (647,647)]
[(83,83), (260,350), (436,436)]
[(1308,1308), (1463,1476), (1523,1523)]
[(93,93), (264,277), (427,427)]
[(1448,1448), (1530,1530)]
[(533,533), (656,665), (681,681)]
[(377,377), (455,455)]
[(1043,1043), (1121,1139), (1188,1188)]
[(746,746), (804,815), (876,888), (961,1012), (1063,1063)]
[(1594,1594), (1722,1722)]
[(1306,1306), (1449,1468), (1585,1585)]
[(1767,1767), (1869,1869)]
[(699,699), (878,891), (980,980)]
[(1485,1485), (1574,1574)]
[(1214,1214), (1284,1303), (1369,1383), (1457,1463), (1535,1566), (1648,1655), (1697,1697)]
[(595,595), (755,937), (963,963)]
[(1736,1736), (1814,1823), (1899,1909), (1982,2029), (2091,2091)]
[(1515,1515), (1596,1607), (1717,1779), (1861,1861)]
[(828,828), (1020,1095), (1187,1187)]
[(918,918), (1057,1069), (1084,1084)]
[(866,866), (878,878)]
[(1076,1076), (1165,1182), (1243,1243)]
[(1700,1700), (1855,1930), (2051,2051)]
[(109,109), (275,349), (384,384)]
[(1769,1769), (1891,1891)]
[(1667,1667), (1782,1799), (1913,1913)]
[(438,438), (622,622)]
[(193,193), (303,335), (454,473), (491,491)]
[(1029,1029), (1055,1055)]
[(571,571), (714,727), (798,798)]
[(1268,1268), (1362,1384), (1481,1503), (1526,1526)]
[(1744,1744), (1904,1929), (2101,2196), (2232,2232)]
[(603,603), (733,744), (897,1066), (1097,1097)]
[(1228,1228), (1287,1299), (1375,1407), (1478,1486), (1560,1630), (1694,1694)]
[(578,578), (752,831), (983,983)]
[(54,54), (254,329), (425,425)]
[(731,731), (800,800)]
[(449,449), (677,698), (848,848)]
[(1742,1742), (1819,1819)]
[(1643,1643), (1704,1704)]
[(1795,1795), (1950,1950)]
[(1414,1414), (1512,1512)]
[(141,141), (225,234), (341,354), (438,438)]
[(1540,1540), (1666,1719), (1778,1778)]
[(4,4), (132,141), (189,189)]
[(89,89), (229,354), (381,381)]
[(1267,1267), (1485,1572), (1678,1678)]
[(1227,1227), (1293,1396), (1450,1450)]
[(887,887), (949,1045), (1120,1170), (1230,1230)]
[(763,763), (936,959), (994,994)]
[(552,552), (726,773), (906,906)]
[(1521,1521), (1668,1684), (1816,1816)]
[(1106,1106), (1217,1265), (1370,1415), (1430,1430)]
[(1517,1517), (1625,1640), (1741,1760), (1859,2009), (2099,2099)]
[(5,5), (33,33)]
[(526,526), (684,706), (830,830)]
[(1752,1752), (1857,1900), (1972,1972)]
[(1125,1125), (1287,1302), (1325,1325)]
[(482,482), (552,580), (650,655), (711,715), (788,859), (875,875)]
[(99,99), (229,229)]
[(994,994), (1089,1089)]
[(1229,1229), (1337,1346), (1459,1565), (1585,1585)]
[(0,0), (80,206), (281,333), (349,349)]
[(0,0), (80,206), (281,333), (349,349)]
[(0,0), (80,206), (281,333), (349,349)]
[(0,0), (14,14)]
[(1795,1795), (1905,1916), (2029,2036), (2070,2070)]
[(864,864), (963,963)]
[(1627,1627), (1786,1812), (1970,1970)]
[(1436,1436), (1605,1605)]
[(730,730), (831,898), (952,952)]
[(1576,1576), (1706,1706)]
[(673,673), (827,841), (952,952)]
[(852,852), (936,936)]
[(1018,1018), (1161,1172), (1236,1236)]
[(755,755), (828,828)]
[(1088,1088), (1209,1227), (1332,1332)]
[(1056,1056), (1184,1312), (1371,1371)]
[(1329,1329), (1483,1495), (1572,1572)]
[(907,907), (1070,1082), (1105,1105)]
[(179,179), (349,429), (510,510)]
[(1503,1503), (1639,1652), (1827,1916), (1950,1950)]
[(567,567), (675,725), (741,741)]
[(1022,1022), (1134,1134)]
[(826,826), (928,965), (1043,1043)]
[(1156,1156), (1238,1238)]
[(664,664), (802,802)]
[(1124,1124), (1226,1226)]
[(1398,1398), (1578,1602), (1801,1801)]
[(124,124), (284,300), (428,428)]
[(613,613), (787,799), (933,933)]
[(1703,1703), (1880,1974), (2117,2117)]
[(1180,1180), (1296,1350), (1458,1468), (1575,1591), (1604,1604)]
[(829,829), (991,1009), (1068,1068)]
[(888,888), (967,967)]
[(121,121), (174,182), (242,252), (325,337), (399,399)]
[(925,925), (1090,1110), (1236,1236)]
[(1092,1092), (1246,1246)]
[(542,542), (692,704), (823,823)]
[(1563,1563), (1676,1701), (1796,1796)]
[(1099,1099), (1228,1228)]
[(627,627), (741,796), (892,892)]
[(94,94), (324,324)]
[(189,189), (304,354), (452,452)]
[(334,334), (424,432), (538,559), (652,714), (760,760)]
[(1090,1090), (1209,1209)]
[(818,818), (940,1104), (1159,1159)]
[(211,211), (309,375), (459,459)]
[(980,980), (1021,1061), (1102,1118), (1164,1209), (1247,1247)]
[(796,796), (979,996), (1174,1240), (1275,1275)]
[(972,972), (1078,1087), (1224,1235), (1348,1348)]
[(1699,1699), (1867,1883), (2057,2150), (2188,2188)]
[(129,129), (199,199)]
[(289,289), (309,309)]
[(62,62), (223,223)]
[(1509,1509), (1689,1705), (1706,1706)]
[(451,451), (534,534)]
[(43,43), (195,217), (287,287)]
[(1296,1296), (1369,1382), (1455,1467), (1517,1517)]
[(685,685), (781,781)]
[(767,767), (790,790)]
[(1325,1325), (1406,1406)]
[(1569,1569), (1708,1719), (1856,1866), (1963,1963)]
[(1075,1075), (1302,1302)]
[(1252,1252), (1417,1456), (1493,1493)]
[(701,701), (754,775), (854,864), (949,959), (1037,1070), (1140,1140)]
[(1768,1768), (1853,1853)]
[(482,482), (624,685), (804,804)]
[(432,432), (480,489), (567,591), (665,673), (746,848), (910,910)]
[(1604,1604), (1772,1817), (1849,1849)]
[(1154,1154), (1279,1287), (1403,1412), (1514,1514)]
[(1506,1506), (1612,1716), (1812,1823), (1928,1935), (1948,1948)]
[(272,272), (312,312)]
[(304,304), (382,390), (434,434)]
[(269,269), (375,412), (456,456)]
[(32,32), (140,140)]
[(744,744), (869,879), (986,986)]
[(1008,1008), (1171,1351), (1495,1513), (1590,1590)]
[(989,989), (1112,1112)]
[(1498,1498), (1663,1731), (1791,1791)]
[(341,341), (440,450), (572,624), (636,636)]
[(3,3), (93,93)]
[(68,68), (248,267), (369,369)]
[(1267,1267), (1342,1342)]
[(811,811), (841,841)]
[(1262,1262), (1364,1364)]
[(308,308), (342,342)]
[(585,585), (609,609)]
[(1001,1001), (1081,1081)]
[(549,549), (605,605)]
[(1601,1601), (1683,1798), (1838,1838)]
[(1139,1139), (1228,1258), (1346,1383), (1401,1401)]
[(117,117), (233,247), (364,510), (535,535)]
[(1513,1513), (1726,1829), (1983,1983)]
[(1146,1146), (1356,1398), (1425,1425)]
[(1122,1122), (1258,1258)]
[(257,257), (357,380), (489,602), (695,695)]
[(644,644), (701,701)]
[(25,25), (186,186)]
[(284,284), (425,437), (554,608), (669,669)]
[(66,66), (150,150)]
[(1374,1374), (1410,1410)]
[(838,838), (1002,1002)]
[(1426,1426), (1607,1623), (1702,1702)]
[(832,832), (938,959), (1060,1073), (1089,1089)]
[(1623,1623), (1804,1804)]
[(1298,1298), (1424,1432), (1569,1578), (1598,1598)]
[(380,380), (477,495), (591,631), (652,652)]
[(419,419), (559,570), (712,725), (756,756)]
[(729,729), (804,813), (831,831)]
[(1617,1617), (1737,1789), (1898,1904), (1952,1952)]
[(1712,1712), (1841,1858), (1980,1990), (2102,2219), (2242,2242)]
[(99,99), (137,137)]
[(1331,1331), (1450,1460), (1547,1547)]
[(1067,1067), (1193,1193)]
[(341,341), (452,464), (532,532)]
[(711,711), (893,986), (1073,1073)]
[(1211,1211), (1279,1324), (1389,1402), (1458,1496), (1565,1611), (1623,1623)]
[(1280,1280), (1460,1491), (1530,1530)]
[(303,303), (447,462), (492,492)]
[(115,115), (234,234)]
[(1332,1332), (1504,1742), (1780,1780)]
[(171,171), (317,329), (461,461)]
[(1781,1781), (1964,2219), (2257,2257)]
[(1753,1753), (1783,1797), (1824,1828), (1866,1881), (1921,1955), (1979,2002), (2043,2046), (2082,2119), (2161,2211), (2246,2246)]
[(273,273), (414,433), (495,495)]
[(1220,1220), (1332,1332)]
[(640,640), (777,789), (909,909)]
[(853,853), (1062,1084), (1155,1155)]
[(270,270), (408,408)]
[(1396,1396), (1617,1617)]
[(1760,1760), (1966,2231), (2406,2406)]
[(968,968), (1027,1051), (1107,1130), (1153,1153)]
[(228,228), (334,406), (484,484)]
[(1752,1752), (1875,1956), (2061,2061)]
[(205,205), (250,250)]
[(1742,1742), (1845,1904), (1950,1950)]
[(1353,1353), (1613,1613)]
[(134,134), (307,330), (393,393)]
[(733,733), (798,808), (898,952), (1028,1129), (1171,1171)]
[(41,41), (107,107)]
[(1786,1786), (1852,1852)]
[(301,301), (450,450)]
[(1639,1639), (1754,1934), (2027,2027)]
[(1554,1554), (1722,1737), (1788,1788)]
[(836,836), (980,980)]
[(1427,1427), (1505,1558), (1561,1561)]
[(1535,1535), (1607,1621), (1633,1633)]
[(905,905), (1082,1300), (1337,1337)]
[(219,219), (388,460), (495,495)]
[(1620,1620), (1854,1875), (1983,1983)]
[(926,926), (1007,1020), (1109,1124), (1186,1186)]
[(1196,1196), (1316,1327), (1452,1510), (1536,1536)]
[(641,641), (858,874), (967,967)]
[(565,565), (639,639)]
[(1059,1059), (1207,1224), (1308,1308)]
[(1024,1024), (1190,1190)]
[(260,260), (443,666), (706,706)]
[(725,725), (911,928), (965,965)]
[(685,685), (690,690)]
[(1545,1545), (1695,1707), (1858,1878), (1910,1910)]
[(1551,1551), (1669,1679), (1703,1703)]
[(430,430), (544,556), (705,720), (745,745)]
[(1633,1633), (1803,1803)]
[(1489,1489), (1535,1535)]
[(436,436), (609,622), (715,715)]
[(676,676), (819,830), (970,989), (1046,1046)]
[(863,863), (1017,1030), (1161,1161)]
[(597,597), (693,693)]
[(1686,1686), (1776,1776)]
[(1600,1600), (1770,1795), (1830,1830)]
[(223,223), (323,336), (353,353)]
[(1152,1152), (1257,1271), (1331,1331)]
[(803,803), (917,980), (1083,1094), (1137,1137)]
[(1334,1334), (1541,1541)]
[(1711,1711), (1862,1938), (2060,2060)]
[(1533,1533), (1632,1643), (1751,1953), (2043,2043)]
[(269,269), (418,418)]
[(115,115), (289,330), (418,418)]
[(1457,1457), (1458,1458)]
[(732,732), (863,883), (1007,1019), (1143,1143)]
[(1717,1717), (1792,1835), (1907,1920), (1934,1934)]
[(399,399), (497,497)]
[(612,612), (790,977), (1065,1065)]
[(1014,1014), (1155,1175), (1307,1357), (1417,1417)]
[(1470,1470), (1587,1600), (1632,1632)]
[(1292,1292), (1407,1417), (1540,1674), (1732,1732)]
[(223,223), (229,229)]
[(469,469), (605,605)]
[(1430,1430), (1538,1553), (1598,1598)]
[(120,120), (287,299), (463,626), (661,661)]
[(295,295), (482,559), (583,583)]
[(1766,1766), (1852,1852)]
[(1329,1329), (1380,1384), (1434,1458), (1521,1531), (1596,1663), (1718,1718)]
[(897,897), (1050,1050)]
[(1268,1268), (1335,1353), (1400,1400)]
[(21,21), (95,101), (172,198), (272,304), (377,383), (458,458)]
[(1765,1765), (1869,1869)]
[(774,774), (875,895), (998,1009), (1028,1028)]
[(1701,1701), (1783,1799), (1885,1911), (1924,1924)]
[(190,190), (276,284), (372,455), (472,472)]
[(845,845), (970,985), (1122,1228), (1294,1294)]
[(26,26), (117,117)]
[(1114,1114), (1259,1270), (1366,1366)]
[(613,613), (694,694)]
[(789,789), (858,942), (1013,1043), (1065,1065)]
[(1047,1047), (1230,1230)]
[(929,929), (987,987)]
[(173,173), (324,324)]
[(1528,1528), (1639,1639)]
[(1383,1383), (1507,1507)]
[(625,625), (733,745), (829,829)]
[(1556,1556), (1670,1747), (1801,1801)]
[(462,462), (533,563), (577,577)]
[(791,791), (988,1003), (1090,1090)]
[(206,206), (268,268)]
[(1049,1049), (1137,1156), (1218,1218)]
[(1028,1028), (1194,1208), (1345,1345)]
[(934,934), (1109,1123), (1175,1175)]
[(929,929), (1054,1054)]
[(1180,1180), (1334,1334)]
[(1479,1479), (1559,1559)]
[(734,734), (796,796)]
[(1176,1176), (1363,1380), (1408,1408)]
[(549,549), (732,747), (875,875)]
[(797,797), (885,885)]
[(767,767), (887,895), (1001,1012), (1128,1141), (1160,1160)]
[(1085,1085), (1225,1237), (1331,1331)]
[(1765,1765), (1859,1866), (1910,1910)]
[(47,47), (77,77)]
[(1703,1703), (1829,1829)]
[(24,24), (125,160), (259,266), (352,352)]
[(1732,1732), (1828,1828)]
[(47,47), (133,133)]
[(578,578), (679,723), (805,805)]
[(456,456), (576,632), (658,658)]
[(641,641), (839,924), (965,965)]
[(211,211), (403,403)]
[(339,339), (420,428), (479,479)]
[(757,757), (932,932)]
[(1046,1046), (1181,1200), (1277,1277)]
[(493,493), (654,668), (733,733)]
[(553,553), (698,711), (852,863), (876,876)]
[(1626,1626), (1797,1813), (1837,1837)]
[(1718,1718), (1935,1935)]
[(1749,1749), (1886,1886)]
[(621,621), (738,865), (967,967)]
[(1501,1501), (1617,1625), (1738,1747), (1851,1851)]
[(50,50), (129,129)]
[(1455,1455), (1587,1712), (1741,1741)]
[(982,982), (1177,1198), (1229,1229)]
[(1567,1567), (1736,1809), (1841,1841)]
[(1790,1790), (2004,2075), (2174,2174)]
[(778,778), (922,941), (1037,1037)]
[(38,38), (139,139)]
[(369,369), (483,502), (614,622), (718,718)]
[(847,847), (910,910)]
[(58,58), (254,364), (457,457)]
[(190,190), (275,292), (400,425), (516,516)]
[(1107,1107), (1293,1313), (1492,1605), (1624,1624)]
[(1080,1080), (1139,1148), (1196,1199), (1255,1279), (1337,1360), (1407,1407)]
[(1541,1541), (1671,1671)]
[(1379,1379), (1464,1477), (1561,1681), (1697,1697)]
[(235,235), (349,358), (503,571), (600,600)]
[(941,941), (1033,1033)]
[(867,867), (926,926)]
[(345,345), (423,423)]
[(1343,1343), (1433,1433)]
[(1345,1345), (1477,1488), (1552,1552)]
[(1198,1198), (1276,1276)]
[(1468,1468), (1591,1603), (1762,1940), (1974,1974)]
[(1546,1546), (1662,1783), (1897,1908), (1945,1945)]
[(1717,1717), (1751,1751)]
[(1401,1401), (1467,1489), (1519,1519)]
[(421,421), (574,587), (720,720)]
[(200,200), (398,413), (514,514)]
[(586,586), (661,661)]
[(1099,1099), (1267,1305), (1373,1373)]
[(578,578), (735,747), (872,872)]
[(467,467), (550,550)]
[(1356,1356), (1377,1377)]
[(348,348), (456,516), (588,588)]
[(84,84), (243,266), (402,402)]
[(1189,1189), (1343,1357), (1469,1469)]
[(1507,1507), (1685,1876), (1904,1904)]
[(925,925), (1136,1226), (1327,1327)]
[(1318,1318), (1518,1518)]
[(1062,1062), (1191,1201), (1231,1231)]
[(274,274), (311,349), (379,381), (414,419), (453,455), (496,536), (573,611), (627,627)]
[(1017,1017), (1199,1218), (1296,1296)]
[(1243,1243), (1328,1328)]
[(467,467), (536,574), (640,640)]
[(186,186), (284,284)]
[(585,585), (651,651)]
[(1008,1008), (1093,1093)]
[(438,438), (557,618), (683,683)]
[(771,771), (889,1072), (1188,1204), (1247,1247)]
[(1605,1605), (1677,1684), (1753,1760), (1841,1892), (1948,1948)]
[(1300,1300), (1414,1426), (1467,1467)]
[(318,318), (441,441)]
[(100,100), (142,142)]
[(897,897), (1004,1016), (1136,1317), (1420,1420)]
[(1402,1402), (1499,1499)]
[(982,982), (1081,1081)]
[(1774,1774), (1864,1864)]
[(1398,1398), (1544,1555), (1729,1805), (1843,1843)]
[(304,304), (448,459), (515,515)]
[(1779,1779), (1844,1865), (1938,1988), (2062,2201), (2261,2302), (2374,2485), (2499,2499)]
[(1443,1443), (1536,1536)]
[(606,606), (717,717)]
[(1342,1342), (1491,1677), (1818,1831), (1891,1891)]
[(185,185), (292,292)]
[(1745,1745), (1859,1925), (1981,1981)]
[(432,432), (612,626), (794,810), (834,834)]
[(351,351), (408,408)]
[(1304,1304), (1383,1396), (1482,1533), (1590,1590)]
[(742,742), (815,821), (894,894)]
[(181,181), (197,197)]
[(676,676), (749,762), (835,850), (912,923), (971,971)]
[(1579,1579), (1709,1709)]
[(1622,1622), (1759,1825), (1961,1989), (2010,2010)]
[(410,410), (564,578), (746,838), (868,868)]
[(27,27), (50,50)]
[(954,954), (1004,1004)]
[(778,778), (918,929), (1043,1095), (1157,1157)]
[(518,518), (689,949), (1033,1033)]
[(1074,1074), (1142,1154), (1227,1239), (1285,1285)]
[(1527,1527), (1715,1737), (1828,1828)]
[(108,108), (142,142)]
[(1137,1137), (1316,1331), (1529,1564), (1597,1597)]
[(1188,1188), (1338,1416), (1430,1430)]
[(3,3), (135,165), (288,298), (392,392)]
[(924,924), (1095,1331), (1414,1414)]
[(1317,1317), (1407,1416), (1518,1529), (1630,1820), (1904,1904)]
[(930,930), (1098,1184), (1264,1264)]
[(1353,1353), (1555,1555)]
[(1428,1428), (1494,1506), (1584,1593), (1676,1682), (1751,1751)]
[(664,664), (926,926)]
[(883,883), (1050,1062), (1226,1226)]
[(1411,1411), (1504,1512), (1627,1641), (1660,1660)]
[(1734,1734), (1808,1817), (1874,1883), (1956,1968), (2036,2058), (2132,2244), (2307,2307)]
[(892,892), (1018,1043), (1087,1087)]
[(218,218), (322,322)]
[(1411,1411), (1432,1432)]
[(1428,1428), (1584,1584)]
[(1542,1542), (1659,1675), (1816,1833), (1944,1944)]
[(596,596), (787,1012), (1108,1108)]
[(552,552), (633,768), (853,865), (949,949)]
[(15,15), (81,93), (183,196), (270,277), (349,349)]
[(691,691), (878,892), (1085,1098), (1129,1129)]
[(1293,1293), (1416,1474), (1534,1534)]
[(274,274), (449,464), (535,535)]
[(243,243), (423,423)]
[(1557,1557), (1681,1681)]
[(598,598), (793,899), (1067,1067)]
[(322,322), (471,481), (490,490)]
[(456,456), (581,725), (785,785)]
[(1111,1111), (1193,1201), (1267,1267)]
[(524,524), (635,656), (738,738)]
[(1775,1775), (1994,2093), (2126,2126)]
[(1351,1351), (1431,1543), (1613,1621), (1697,1716), (1726,1726)]
[(41,41), (169,179), (242,242)]
[(1554,1554), (1738,1763), (1832,1832)]
[(863,863), (1029,1049), (1164,1164)]
[(1416,1416), (1608,1844), (1884,1884)]
[(435,435), (521,535), (590,590)]
[(44,44), (221,246), (276,276)]
[(1095,1095), (1167,1209), (1264,1264)]
[(1025,1025), (1275,1275)]
[(1745,1745), (1885,1885)]
[(41,41), (176,189), (303,303)]
[(374,374), (490,498), (609,724), (778,778)]
[(911,911), (1019,1019)]
[(1395,1395), (1395,1395)]
[(152,152), (317,411), (446,446)]
[(566,566), (615,618), (671,678), (729,750), (789,789)]
[(1139,1139), (1179,1179)]
[(1572,1572), (1680,1680)]
[(342,342), (480,480)]
[(394,394), (461,461)]
[(1258,1258), (1338,1345), (1422,1527), (1593,1593)]
[(218,218), (342,350), (369,369)]
[(1235,1235), (1325,1466), (1560,1571), (1611,1611)]
[(1753,1753), (1858,1894), (2002,2016), (2090,2090)]
[(942,942), (1035,1035)]
[(1633,1633), (1800,1823), (1904,1904)]
[(1256,1256), (1425,1425)]
[(1351,1351), (1483,1496), (1540,1540)]
[(1035,1035), (1149,1164), (1275,1350), (1434,1434)]
[(914,914), (1115,1340), (1384,1384)]
[(443,443), (585,603), (654,654)]
[(1276,1276), (1410,1424), (1472,1472)]
[(1170,1170), (1326,1338), (1418,1418)]
[(96,96), (157,157)]
[(833,833), (918,918)]
[(1,1), (138,146), (208,208)]
[(82,82), (214,346), (412,412)]
[(1585,1585), (1655,1666), (1743,1755), (1823,1928), (1961,1961)]
[(1585,1585), (1664,1714), (1794,1843), (1909,1929), (2010,2053), (2063,2063)]
[(240,240), (385,385)]
[(1303,1303), (1317,1317)]
[(1353,1353), (1365,1365)]
[(721,721), (927,1044), (1145,1145)]
[(900,900), (910,910)]
[(596,596), (608,608)]
[(1450,1450), (1626,1640), (1757,1757)]
[(752,752), (923,923)]
[(1729,1729), (1792,1799), (1877,1908), (1955,1955)]
[(1453,1453), (1513,1513)]
[(274,274), (389,401), (457,457)]
[(1404,1404), (1577,1616), (1760,1760)]
[(984,984), (1144,1144)]
[(1021,1021), (1190,1190)]
[(673,673), (861,878), (1006,1006)]
[(828,828), (1014,1014)]
[(482,482), (628,641), (804,804)]
[(1778,1778), (1949,2031), (2115,2115)]
[(685,685), (888,888)]
[(1213,1213), (1334,1350), (1484,1495), (1502,1502)]
[(1578,1578), (1722,1738), (1889,1905), (1935,1935)]
[(554,554), (610,633), (686,692), (709,709)]
[(413,413), (614,661), (698,698)]
[(953,953), (1142,1167), (1191,1191)]
[(744,744), (845,865), (953,953)]
[(392,392), (393,393)]
[(679,679), (784,802), (904,921), (1013,1013)]
[(1215,1215), (1401,1419), (1604,1622), (1648,1648)]
[(965,965), (1063,1075), (1167,1167)]
[(1190,1190), (1206,1206)]
[(1038,1038), (1144,1152), (1274,1304), (1330,1330)]
[(1502,1502), (1533,1533)]
[(832,832), (904,904)]
[(337,337), (398,398)]
[(1,1), (174,194), (284,284)]
[(743,743), (813,813)]
[(645,645), (688,688)]
[(1364,1364), (1472,1472)]
[(1564,1564), (1716,1716)]
[(1424,1424), (1583,1583)]
[(71,71), (142,190), (224,224)]
[(1423,1423), (1559,1571), (1668,1668)]
[(1031,1031), (1289,1289)]
[(1316,1316), (1491,1505), (1552,1552)]
[(1741,1741), (1843,1855), (1963,2037), (2131,2131)]
[(1570,1570), (1730,1730)]
[(1193,1193), (1245,1245)]
[(1558,1558), (1650,1666), (1756,1756)]
[(1133,1133), (1206,1206)]
[(946,946), (1102,1102)]
[(245,245), (339,339)]
[(123,123), (300,300)]
[(632,632), (839,864), (1011,1011)]
[(513,513), (525,525)]
[(1683,1683), (1828,1846), (1863,1863)]
[(105,105), (219,227), (277,277)]
[(1080,1080), (1215,1226), (1354,1420), (1447,1447)]
[(278,278), (398,412), (462,462)]
[(184,184), (419,442), (525,525)]
[(939,939), (1076,1100), (1151,1151)]
[(1109,1109), (1141,1141)]
[(749,749), (852,852)]
[(1672,1672), (1842,1922), (1954,1954)]
[(959,959), (1084,1095), (1251,1340), (1372,1372)]
[(1180,1180), (1255,1255)]
[(547,547), (735,834), (923,923)]
[(62,62), (198,248), (349,349)]
[(190,190), (251,251)]
[(1042,1042), (1258,1258)]
[(1410,1410), (1421,1421)]
[(748,748), (907,921), (933,933)]
[(1164,1164), (1244,1357), (1396,1396)]
[(1411,1411), (1578,1578)]
[(368,368), (552,603), (683,683)]
[(126,126), (328,328)]
[(1318,1318), (1397,1446), (1463,1463)]
[(417,417), (506,519), (596,596)]
[(239,239), (269,269)]
[(1660,1660), (1736,1736)]
[(148,148), (351,433), (531,531)]
[(839,839), (994,994)]
[(1430,1430), (1442,1442)]
[(1715,1715), (1751,1751)]
[(854,854), (944,989), (999,999)]
[(672,672), (781,794), (896,1053), (1075,1075)]
[(708,708), (970,990), (1114,1114)]
[(938,938), (1056,1056)]
[(1593,1593), (1714,1731), (1833,1833)]
[(1495,1495), (1631,1631)]
[(226,226), (358,367), (487,495), (551,551)]
[(96,96), (234,234)]
[(1434,1434), (1493,1493)]
[(1365,1365), (1466,1522), (1631,1652), (1740,1740)]
[(1288,1288), (1397,1397)]
[(446,446), (516,580), (645,649), (718,776), (836,836)]
[(827,827), (1060,1076), (1188,1188)]
[(204,204), (282,299), (367,374), (451,459), (517,517)]
[(1726,1726), (1811,1841), (1936,1946), (1966,1966)]
[(1221,1221), (1259,1259)]
[(468,468), (636,650), (736,736)]
[(17,17), (141,141)]
[(898,898), (1083,1198), (1230,1230)]
[(1564,1564), (1705,1724), (1869,1934), (1964,1964)]
[(23,23), (165,178), (299,299)]
[(1203,1203), (1278,1288), (1348,1356), (1426,1466), (1514,1514)]
[(1105,1105), (1304,1304)]
[(482,482), (590,599), (668,668)]
[(70,70), (217,237), (242,242)]
[(471,471), (551,551)]
[(1648,1648), (1734,1766), (1852,1905), (1993,1993)]
[(429,429), (575,588), (738,813), (846,846)]
[(1733,1733), (1867,1888), (1914,1914)]
[(1252,1252), (1346,1358), (1464,1534), (1556,1556)]
[(282,282), (364,364)]
[(720,720), (805,952), (1034,1044), (1125,1153), (1167,1167)]
[(1718,1718), (1830,1843), (1916,1916)]
[(797,797), (905,914), (924,924)]
[(304,304), (344,392), (412,412)]
[(301,301), (446,466), (550,550)]
[(1543,1543), (1615,1621), (1689,1700), (1769,1779), (1845,1849), (1899,1899)]
[(323,323), (374,374)]
[(501,501), (631,640), (764,764)]
[(389,389), (468,521), (596,646), (668,668)]
[(1132,1132), (1274,1287), (1439,1480), (1601,1601)]
[(1686,1686), (1806,1806)]
[(391,391), (535,535)]
[(583,583), (759,773), (853,853)]
[(594,594), (771,771)]
[(1146,1146), (1328,1342), (1383,1383)]
[(1412,1412), (1613,1613)]
[(1267,1267), (1372,1393), (1486,1548), (1592,1592)]
[(1608,1608), (1787,1827), (1843,1843)]
[(1079,1079), (1220,1270), (1410,1421), (1470,1470)]
[(758,758), (855,855)]
[(1534,1534), (1608,1616), (1692,1700), (1735,1735)]
[(1329,1329), (1411,1426), (1440,1440)]
[(245,245), (449,466), (507,507)]
[(268,268), (339,339)]
[(1549,1549), (1668,1668)]
[(894,894), (1073,1073)]
[(1131,1131), (1281,1307), (1327,1327)]
[(266,266), (390,435), (573,589), (616,616)]
[(309,309), (407,519), (606,613), (711,721), (731,731)]
[(592,592), (660,666), (728,728)]
[(372,372), (521,535), (664,664)]
[(1686,1686), (1776,1776)]
[(1553,1553), (1745,1847), (1998,1998)]
[(875,875), (1063,1085), (1241,1241)]
[(730,730), (768,768)]
[(592,592), (651,651)]
[(287,287), (432,445), (611,645), (674,674)]
[(1623,1623), (1780,1780)]
[(714,714), (886,902), (976,976)]
[(426,426), (593,675), (821,821)]
[(1129,1129), (1295,1315), (1452,1452)]
[(1260,1260), (1327,1327)]
[(915,915), (1037,1052), (1187,1203), (1226,1226)]
[(413,413), (562,587), (713,713)]
[(1348,1348), (1512,1571), (1640,1640)]
[(1645,1645), (1878,1982), (2027,2027)]
[(1695,1695), (1785,1785)]
[(1570,1570), (1660,1810), (1882,1882)]
[(163,163), (310,310)]
[(1400,1400), (1535,1546), (1570,1570)]
[(1665,1665), (1788,1840), (1944,1944)]
[(481,481), (622,642), (724,724)]
[(1197,1197), (1347,1499), (1635,1649), (1707,1707)]
[(1014,1014), (1147,1192), (1211,1211)]
[(1041,1041), (1187,1187)]
[(305,305), (497,693), (857,857)]
[(422,422), (544,544)]
[(1761,1761), (1885,1885)]
[(706,706), (866,1066), (1094,1094)]
[(1522,1522), (1635,1649), (1742,1748), (1859,1897), (1916,1916)]
[(1557,1557), (1763,1763)]
[(1633,1633), (1633,1633)]
[(1231,1231), (1405,1426), (1515,1515)]
[(504,504), (557,557)]
[(653,653), (786,804), (829,829)]
[(1231,1231), (1369,1380), (1481,1481)]
[(1438,1438), (1624,1663), (1751,1751)]
[(1316,1316), (1496,1496)]
[(915,915), (1016,1016)]
[(1035,1035), (1179,1179)]
[(80,80), (248,323), (404,404)]
[(1571,1571), (1783,1798), (1894,1894)]
[(1283,1283), (1302,1302)]
[(1346,1346), (1421,1421)]
[(1023,1023), (1080,1104), (1152,1157), (1210,1213), (1268,1291), (1335,1350), (1407,1407)]
[(1261,1261), (1351,1357), (1468,1477), (1485,1485)]
[(1711,1711), (1866,1878), (2035,2113), (2139,2139)]
[(886,886), (1042,1064), (1241,1277), (1313,1313)]
[(391,391), (558,587), (619,619)]
[(501,501), (515,515)]
[(503,503), (701,740), (900,900)]
[(1030,1030), (1126,1126)]
[(958,958), (1124,1124)]
[(641,641), (774,1006), (1120,1120)]
[(1030,1030), (1152,1152)]
[(1133,1133), (1266,1279), (1445,1522), (1558,1558)]
[(1076,1076), (1217,1249), (1354,1354)]
[(879,879), (1029,1029)]
[(1204,1204), (1280,1354), (1366,1366)]
[(1793,1793), (1933,1946), (2088,2164), (2281,2281)]
[(1653,1653), (1767,1929), (2021,2021)]
[(1176,1176), (1349,1349)]
[(1538,1538), (1699,1699)]
[(644,644), (697,701), (754,814), (821,821)]
[(740,740), (877,896), (950,950)]
[(273,273), (309,309)]
[(1438,1438), (1602,1630), (1704,1704)]
[(774,774), (936,1129), (1209,1209)]
[(1093,1093), (1139,1139)]
[(387,387), (524,548), (613,613)]
[(1634,1634), (1742,1778), (1868,1868)]
[(868,868), (924,931), (1003,1112), (1186,1235), (1308,1325), (1397,1446), (1455,1455)]
[(884,884), (1013,1013)]
[(960,960), (1028,1028)]
[(96,96), (252,265), (390,390)]
[(809,809), (986,1005), (1082,1082)]
[(631,631), (764,773), (913,925), (952,952)]
[(1241,1241), (1352,1352)]
[(1236,1236), (1278,1278)]
[(1241,1241), (1335,1335)]
[(83,83), (227,227)]
[(874,874), (1044,1044)]
[(1135,1135), (1233,1233)]
[(682,682), (823,823)]
[(13,13), (55,58), (89,89)]
[(932,932), (1101,1188), (1343,1409), (1473,1473)]
[(1516,1516), (1598,1608), (1693,1758), (1827,1827)]
[(705,705), (762,762)]
[(1513,1513), (1600,1618), (1658,1658)]
[(1678,1678), (1791,1791)]
[(709,709), (838,838)]
[(751,751), (844,844)]
[(1217,1217), (1290,1321), (1381,1381)]
[(556,556), (695,695)]
[(1127,1127), (1276,1276)]
[(1283,1283), (1387,1422), (1498,1498)]
[(1608,1608), (1772,1786), (1904,1904)]
[(1470,1470), (1522,1522)]
[(368,368), (546,562), (653,653)]
[(177,177), (218,218)]
[(1110,1110), (1208,1208)]
[(1658,1658), (1760,1769), (1811,1811)]
[(64,64), (175,188), (300,376), (463,463)]
[(1592,1592), (1764,1778), (1918,1918)]
[(1093,1093), (1183,1183)]
[(990,990), (1073,1107), (1161,1161)]
[(963,963), (1076,1152), (1259,1333), (1375,1375)]
[(1786,1786), (1836,1836)]
[(1467,1467), (1651,1667), (1728,1728)]
[(762,762), (939,1011), (1027,1027)]
[(985,985), (1183,1202), (1347,1347)]
[(651,651), (686,686)]
[(1004,1004), (1108,1161), (1180,1180)]
[(1429,1429), (1483,1483)]
[(358,358), (477,491), (626,626)]
[(1303,1303), (1401,1408), (1528,1542), (1638,1638)]
[(972,972), (1115,1115)]
[(735,735), (785,785)]
[(488,488), (594,594)]
[(645,645), (786,802), (833,833)]
[(821,821), (987,1057), (1219,1233), (1296,1296)]
[(769,769), (952,975), (998,998)]
[(105,105), (255,403), (529,529)]
[(1619,1619), (1677,1677)]
[(1274,1274), (1359,1359)]
[(1630,1630), (1698,1698)]
[(235,235), (392,392)]
[(573,573), (735,746), (946,986), (1009,1009)]
[(1722,1722), (1922,1922)]
[(225,225), (373,373)]
[(1453,1453), (1566,1580), (1702,1716), (1753,1753)]
[(1018,1018), (1193,1391), (1539,1539)]
[(1282,1282), (1486,1508), (1668,1668)]
[(926,926), (1070,1084), (1250,1269), (1306,1306)]
[(798,798), (973,1163), (1197,1197)]
[(395,395), (517,535), (664,688), (799,799)]
[(356,356), (470,479), (605,670), (695,695)]
[(981,981), (1180,1370), (1469,1469)]
[(1047,1047), (1265,1553), (1591,1591)]
[(1250,1250), (1347,1357), (1445,1445)]
[(244,244), (312,312)]
[(1718,1718), (1984,2001), (2019,2019)]
[(700,700), (823,834), (968,978), (999,999)]
[(177,177), (222,222)]
[(1337,1337), (1473,1487), (1595,1595)]
[(688,688), (810,831), (937,1007), (1060,1060)]
[(1048,1048), (1150,1150)]
[(1087,1087), (1198,1260), (1309,1309)]
[(1759,1759), (1791,1791)]
[(1460,1460), (1514,1525), (1600,1608), (1676,1780), (1836,1836)]
[(1596,1596), (1685,1698), (1769,1807), (1889,1988), (2053,2053)]
[(1649,1649), (1736,1736)]
[(855,855), (949,967), (1079,1091), (1096,1096)]
[(1047,1047), (1090,1090)]
[(122,122), (253,267), (358,358)]
[(1137,1137), (1253,1253)]
[(407,407), (523,523)]
[(519,519), (635,635)]
[(706,706), (784,784)]
[(295,295), (457,470), (552,552)]
[(1506,1506), (1587,1604), (1715,1722), (1798,1798)]
[(836,836), (974,986), (1148,1169), (1277,1277)]
[(742,742), (766,766)]
[(1453,1453), (1549,1549)]
[(741,741), (828,841), (940,981), (1063,1063)]
[(298,298), (370,383), (470,484), (538,538)]
[(386,386), (565,582), (630,630)]
[(1102,1102), (1166,1166)]
[(1639,1639), (1845,1874), (1946,1946)]
[(80,80), (189,204), (310,310)]
[(820,820), (994,1088), (1126,1126)]
[(75,75), (251,269), (435,435)]
[(1298,1298), (1363,1363)]
[(1564,1564), (1697,1697)]
[(601,601), (780,794), (912,912)]
[(207,207), (223,223)]
[(72,72), (163,226), (329,399), (422,422)]
[(1047,1047), (1190,1190)]
[(1325,1325), (1457,1524), (1583,1583)]
[(379,379), (499,509), (647,659), (774,774)]
[(844,844), (974,1075), (1205,1233), (1251,1251)]
[(867,867), (1023,1038), (1068,1068)]
[(157,157), (354,369), (447,447)]
[(1775,1775), (1989,2004), (2106,2106)]
[(225,225), (312,330), (432,440), (453,453)]
[(303,303), (458,634), (708,708)]
[(618,618), (822,841), (966,966)]
[(1167,1167), (1372,1391), (1476,1476)]
[(890,890), (951,951)]
[(1477,1477), (1622,1635), (1785,1785)]
[(1719,1719), (1821,1832), (1945,1958), (1970,1970)]
[(45,45), (129,129)]
[(1439,1439), (1537,1537)]
[(1335,1335), (1448,1448)]
[(1183,1183), (1376,1394), (1446,1446)]
[(321,321), (506,506)]
[(1728,1728), (1876,1898), (1929,1929)]
[(731,731), (764,764)]
[(1274,1274), (1325,1325)]
[(153,153), (337,337)]
[(123,123), (298,298)]
[(1394,1394), (1556,1569), (1692,1692)]
[(1776,1776), (1927,2005), (2036,2036)]
[(1397,1397), (1575,1672), (1705,1705)]
[(359,359), (500,570), (632,632)]
[(649,649), (719,754), (818,818)]
[(726,726), (880,892), (964,964)]
[(1227,1227), (1330,1330)]
[(186,186), (257,369), (423,460), (532,583), (658,710), (781,830), (889,889)]
[(1432,1432), (1473,1473)]
[(191,191), (301,320), (432,508), (529,529)]
[(266,266), (410,484), (632,843), (874,874)]
[(690,690), (768,768)]
[(1367,1367), (1485,1501), (1639,1658), (1770,1770)]
[(852,852), (984,994), (1090,1090)]
[(673,673), (768,768)]
[(553,553), (690,701), (830,830)]
[(1067,1067), (1290,1290)]
[(708,708), (746,783), (822,862), (894,923), (964,1005), (1011,1011)]
[(1770,1770), (1968,1968)]
[(430,430), (521,527), (593,593)]
[(529,529), (673,673)]
[(326,326), (449,503), (523,523)]
[(679,679), (794,810), (938,960), (999,999)]
[(86,86), (86,86)]
[(1000,1000), (1067,1077), (1158,1295), (1376,1382), (1411,1411)]
[(105,105), (266,266)]
[(1759,1759), (1941,1941)]
[(1180,1180), (1303,1303)]
[(660,660), (793,862), (922,922)]
[(720,720), (796,913), (975,975)]
[(264,264), (500,513), (567,567)]
[(2,2), (185,272), (308,308)]
[(918,918), (1049,1059), (1198,1347), (1377,1377)]
[(1604,1604), (1634,1634)]
[(1250,1250), (1389,1389)]
[(1698,1698), (1843,1883), (2003,2003)]
[(515,515), (614,621), (735,746), (765,765)]
[(788,788), (865,865)]
[(1007,1007), (1211,1426), (1468,1468)]
[(188,188), (301,313), (373,373)]
[(643,643), (735,735)]
[(1153,1153), (1270,1270)]
[(1404,1404), (1452,1461), (1529,1536), (1581,1581)]
[(1310,1310), (1432,1443), (1560,1614), (1634,1634)]
[(1761,1761), (1842,1893), (1983,2017), (2089,2099), (2165,2165)]
[(327,327), (333,333)]
[(1646,1646), (1826,1848), (1992,1992)]
[(1150,1150), (1207,1214), (1275,1326), (1384,1409), (1458,1505), (1566,1571), (1578,1578)]
[(1549,1549), (1653,1653)]
[(1089,1089), (1224,1224)]
[(631,631), (749,757), (849,849)]
[(266,266), (286,286)]
[(833,833), (1001,1001)]
[(349,349), (431,452), (529,587), (626,626)]
[(477,477), (607,607)]
[(833,833), (977,990), (1135,1155), (1181,1181)]
[(1082,1082), (1101,1101)]
[(1455,1455), (1532,1532)]
[(957,957), (1115,1129), (1242,1242)]
[(1068,1068), (1110,1110)]
[(430,430), (504,530), (577,582), (648,696), (708,708)]
[(363,363), (526,555), (719,896), (1035,1035)]
[(1115,1115), (1223,1389), (1484,1484)]
[(206,206), (354,518), (551,551)]
[(742,742), (857,923), (969,969)]
[(1719,1719), (1816,1827), (1916,1953), (1972,1972)]
[(1457,1457), (1597,1607), (1636,1636)]
[(787,787), (945,961), (1131,1199), (1217,1217)]
[(984,984), (1065,1092), (1167,1173), (1270,1279), (1349,1349)]
[(331,331), (501,516), (546,546)]
[(1163,1163), (1284,1284)]
[(1418,1418), (1444,1444)]
[(104,104), (144,144)]
[(592,592), (605,605)]
[(1481,1481), (1611,1695), (1711,1711)]
[(548,548), (697,718), (808,808)]
[(704,704), (897,913), (1059,1059)]
[(671,671), (722,722)]
[(335,335), (423,423)]
[(1369,1369), (1477,1490), (1505,1505)]
[(526,526), (641,657), (733,733)]
[(538,538), (679,694), (866,884), (1001,1001)]
[(751,751), (847,847)]
[(421,421), (589,603), (684,684)]
[(615,615), (703,716), (812,823), (913,979), (1006,1006)]
[(1392,1392), (1554,1623), (1700,1700)]
[(1462,1462), (1610,1682), (1758,1758)]
[(570,570), (708,730), (839,839)]
[(1757,1757), (1876,2003), (2027,2027)]
[(62,62), (238,261), (397,397)]
[(1442,1442), (1545,1589), (1675,1675)]
[(62,62), (163,185), (294,307), (386,386)]
[(1142,1142), (1187,1187)]
[(1203,1203), (1401,1401)]
[(1410,1410), (1560,1570), (1685,1685)]
[(976,976), (1163,1182), (1316,1316)]
[(1736,1736), (1881,1881)]
[(1453,1453), (1550,1550)]
[(1363,1363), (1508,1508)]
[(1366,1366), (1529,1611), (1644,1644)]
[(126,126), (184,184)]
[(1663,1663), (1842,1870), (1905,1905)]
[(1781,1781), (1863,1926), (1963,1963)]
[(854,854), (1000,1022), (1091,1091)]
[(1141,1141), (1204,1204)]
[(1274,1274), (1417,1579), (1608,1608)]
[(1456,1456), (1475,1475)]
[(340,340), (510,510)]
[(1151,1151), (1217,1217)]
[(1405,1405), (1506,1506)]
[(244,244), (384,384)]
[(859,859), (926,930), (992,1016), (1070,1070)]
[(1346,1346), (1448,1505), (1590,1590)]
[(16,16), (194,194)]
[(1039,1039), (1220,1238), (1299,1299)]
[(1620,1620), (1794,1829), (1865,1865)]
[(903,903), (984,984)]
[(884,884), (1053,1226), (1309,1309)]
[(122,122), (252,271), (295,295)]
[(253,253), (417,503), (637,637)]
[(147,147), (258,258)]
[(1333,1333), (1409,1409)]
[(708,708), (762,762)]
[(1326,1326), (1480,1694), (1824,1824)]
[(1640,1640), (1711,1725), (1808,1851), (1865,1865)]
[(78,78), (246,255), (305,305)]
[(1636,1636), (1784,1850), (2014,2195), (2231,2231)]
[(1080,1080), (1249,1249)]
[(842,842), (1045,1078), (1225,1225)]
[(1527,1527), (1537,1537)]
[(1774,1774), (1899,1899)]
[(416,416), (527,657), (768,783), (826,826)]
[(1769,1769), (1936,1951), (2098,2098)]
[(1288,1288), (1361,1392), (1464,1495), (1555,1562), (1632,1702), (1717,1717)]
[(1570,1570), (1729,1729)]
[(1636,1636), (1665,1665)]
[(1699,1699), (1828,1837), (1917,1917)]
[(1014,1014), (1094,1094)]
[(1461,1461), (1570,1778), (1881,1895), (1999,2016), (2030,2030)]
[(1459,1459), (1585,1599), (1620,1620)]
[(1456,1456), (1516,1516)]
[(1526,1526), (1662,1662)]
[(1021,1021), (1164,1164)]
[(940,940), (1038,1072), (1151,1151)]
[(1711,1711), (1816,1825), (1829,1829)]
[(1463,1463), (1525,1525)]
[(358,358), (474,497), (610,610)]
[(1176,1176), (1238,1243), (1315,1344), (1406,1430), (1483,1483)]
[(212,212), (386,403), (482,482)]
[(1180,1180), (1284,1284)]
[(202,202), (241,258), (287,294), (335,376), (417,434), (469,484), (523,523)]
[(821,821), (888,897), (909,909)]
[(921,921), (966,1010), (1054,1073), (1117,1123), (1165,1183), (1189,1189)]
[(1445,1445), (1584,1584)]
[(933,933), (1058,1058)]
[(1623,1623), (1818,1842), (1938,1938)]
[(56,56), (190,206), (266,266)]
[(459,459), (609,623), (682,682)]
[(332,332), (451,451)]
[(1204,1204), (1280,1280)]
[(425,425), (487,487)]
[(198,198), (273,273)]
[(450,450), (560,615), (635,635)]
[(1567,1567), (1740,1756), (1916,1940), (1969,1969)]
[(553,553), (670,688), (695,695)]
[(75,75), (125,129), (187,249), (320,352), (420,492), (552,552)]
[(946,946), (1054,1085), (1133,1133)]
[(690,690), (885,914), (957,957)]
[(1697,1697), (1843,1921), (1952,1952)]
[(547,547), (710,710)]
[(1207,1207), (1318,1333), (1449,1461), (1563,1563)]
[(1538,1538), (1610,1618), (1696,1740), (1750,1750)]
[(589,589), (646,658), (718,722), (777,781), (824,824)]
[(565,565), (722,736), (751,751)]
[(697,697), (763,767), (837,837)]
[(1765,1765), (1855,1868), (1952,1952)]
[(419,419), (464,469), (508,513), (564,586), (635,653), (705,711), (753,753)]
[(231,231), (399,422), (449,449)]
[(1719,1719), (1815,1815)]
[(603,603), (690,754), (768,768)]
[(1204,1204), (1316,1324), (1371,1371)]
[(1283,1283), (1347,1384), (1430,1448), (1513,1518), (1576,1580), (1646,1706), (1761,1761)]
[(1153,1153), (1208,1208)]
[(6,6), (228,282), (315,315)]
[(798,798), (936,953), (1051,1051)]
[(845,845), (922,938), (1007,1007)]
[(1504,1504), (1519,1519)]
[(1319,1319), (1478,1492), (1563,1563)]
[(410,410), (572,591), (692,692)]
[(300,300), (457,481), (596,596)]
[(818,818), (900,1015), (1090,1102), (1133,1133)]
[(949,949), (1175,1199), (1274,1274)]
[(1149,1149), (1329,1442), (1475,1475)]
[(1198,1198), (1309,1309)]
[(492,492), (566,566)]
[(1141,1141), (1295,1310), (1386,1386)]
[(1002,1002), (1164,1164)]
[(544,544), (731,962), (1052,1052)]
[(10,10), (50,55), (119,152), (216,224), (296,367), (428,428)]
[(859,859), (948,963), (1055,1168), (1183,1183)]
[(1691,1691), (1854,1920), (1954,1954)]
[(883,883), (995,995)]
[(1100,1100), (1149,1149)]
[(1656,1656), (1794,1806), (1949,2022), (2052,2052)]
[(0,0), (109,148), (244,244)]
[(0,0), (74,141), (213,221), (244,244)]
