[15,564]
[15,564]
[15,564]
[15,564]
[15,564]
[15,564]
[15,564]
[152,564]
[1512,564]
[1512,64]
[112,64]
[1112,64]
[1162,64]
[1162,654]
[1162,1654]
[1162,1576,1654]
[1162,1576,1654]
[1162,1576,1654]
[1162,1576,1654]
[1162,1576,1654]
[1162,1576,1654]
[1162,1576,1654]
[1162,1576,1654]
[1162,1576,1654]
[1162,1576,1654]
[1162,1576,1654]
[1162,1576,1654]
[1162,1576,1654]
[1162,1576,1654]
[1162,1576,1654]
[1162,1576,1654]
[1162,1761,1654]
[1162,1761,1654]
[1162,1761,1654]
[1162,1761,1654]
[1162,1761,1654]
[1162,1761,1654]
[1162,1761,1654]
[1162,1761,1654]
[1162,1761,1654]
[1162,1761,1654]
[1162,1761,1654]
[1162,1761,1654]
[1162,1761,1654]
[1162,1761,1654]
[1162,1761,1654]
[1162,1761,1654]
[1162,1761,1654]
[1162,1761,1654]
[1162,1761,1654]
[1162,1761,1654]
[1162,1761,1654]
[1162,1761,1654]
[1162,1761,1654]
[1162,1761,1654]
[1162,1761,1654]
[1162,1761,1654]
[1162,1761,1654]
[1162,1761,1654]
[1162,1761,1654]
[1162,1761,1654]
[1162,1761,1654]
[1162,1761,1654]
[1162,1761,1654]
[1162,1761,1654]
[1162,1761,1654]
[1162,1761,1654]
[1162,1761,1654]
[1162,1761,1654]
[1162,1761,1654]
[1162,1761,1654]
[1162,1761,1654]
[1162,1761,1654]
[1162,1761,1654]
[1162,1761,1654]
[1162,1761,1654]
[1162,1761,1654]
[1162,1761,1654]
[1162,1761,1654]
[1162,1761,1654]
[1162,1761,1654]
[1162,1761,1654]
[1162,1761,1654]
[1162,1761,1654]
[1162,1761,1654]
[1162,1761,1654]
[1162,1761,1654]
[1162,1761,1654]
[1162,1761,1654]
[1162,1761,1654]
[1162,1761,1654]
[1162,1761,1654]
[102,291]
[1162,1761,1654]
[1162,1761,1654]
[1162,1761,1654]
[1162,1761,1654]
[1162,1761,1654]
[1162,1761,1654]
[1162,1761,1654]
[1162,1761,1654]
[1162,1761,1654]
[1162,1761,1654]
[1162,1761,1654]
[1162,1761,1654]
[1162,1761,1654]
[1162,1761,1654]
[1162,1761,1654]
[1162,1761,1654]
[1366,8852,14258,14370]
[10688,5802]
[11120,11451,11502,10595,9645,8403]
[13942,4400,3030]
[8591,12357,14628]
[892,5289,8091]
[2044,3911,5841]
[5686,9670,10694]
[2228,4612,5529]
[6345,2833]
[6842,4080,2782,1408,798]
[3843,10907]
[14651,10938,4685,4144]
[3265,4539]
[4969,2697]
[2163,3210,4016]
[12523,10009]
[10644,10594]
[7107,12654,13710]
[3386,3519,3528]
[14024,12551]
[5890,2646]
[856,3099,6994,11598,14198]
[4965,4460,4331]
[752,4689]
[5764,4005,2824]
[13472,13706]
[12917,4460,2331]
[9087,7715,5364]
[5411,10654,12378]
[13499,9670,7958]
[2489,8307,10723]
[5162,9030,10015]
[7946,12531,13636]
[5944,13175,13926]
[12778,9464,4372]
[12989,9038]
[2465,11094,12630]
[12338,11969]
[3029,4100,5118]
[1122,7716,9589]
[6997,10938,13911]
[1741,4170]
[9359,10499,10269]
[12404,14531]
[1096,1824,1576]
[11445,9266,4839,2540,966]
[8474,13635]
[14443,9183,3391]
[13620,9901]
[13937,13875,14047]
[11547,12230]
[12568,10208,9001,4328,3073,1064,609]
[845,5251,7962]
[12977,13875,13201,13014,12154]
[2393,4682,9935,11876]
[13716,7404,3602]
[1077,5356,7279]
[11715,12067]
[9157,3710,1661]
[10725,12531,14266]
[11330,10495,10794]
[2395,5691]
[14109,10654,5093]
[5735,14487]
[14186,10208,4489,3978]
[8354,9689]
[6549,11257,12047]
[11617,7715,3400,2853]
[4569,4839,7890,8183]
[7762,11236,13743,13984]
[8667,9001,7964,5189,4786,4803]
[11192,8831,6184]
[10561,9701,9668]
[480,1431]
[305,8138,13282]
[75,748]
[10104,11747]
[2366,3486]
[2775,1494]
[13700,11686,9525,6992]
[1256,1654,1253]
[14038,12648,12469]
[9655,6023,4924]
[12725,4922,2099]
[7274,3740,1891]
[10121,8756,5181,4126]
[2193,8786,10016]
[1614,9424,14211]
[11892,13354,14725]
[14559,10549,4635,4109]
[1806,4400,8786,11804,14188]
[6237,4590]
[2621,8852,11130]
[7825,8925,6565]
[3082,10291,11115]
[5242,8931,10291,11064,12485,12834]
[3315,9679]
[2557,5901]
[7753,7716,8206,8900]
[12,662,1470,1837]
[12,662,1470,1837]
[12,662,1470,1837]
[832,933]
[6097,7852,8138,8982]
[7553,5505]
[12436,8852,2496]
[14362,7382]
[5878,11894,13898]
[5639,1744]
[10629,7716,4888]
[4626,3746]
[11848,8003,6139]
[8275,3872]
[14589,10101,3949]
[14733,10083,6630]
[10654,8003,5644]
[770,4080,4130]
[14048,13073,12607]
[523,3324,10255,11461]
[11952,7523,5562]
[2359,3515]
[14129,9952,4904]
[8248,6746]
[13463,7210]
[516,3063]
[14008,8852,1373]
[11738,4400,758]
[6391,10938,12043]
[8212,7478,7871]
[14665,10595,4400,1359,967]
[9425,1773,769]
[3173,2652]
[6989,5289,4839,5073,4951]
[11660,9266,8738]
[13535,5359]
[5585,11236,13256]
[4842,10214,13628]
[13199,6693]
[11963,12848,13217]
[7052,3823]
[2987,7790,11164]
[8759,6994,4839,4670,5012]
[11416,7427]
[11176,12559,12676]
[2332,5508,10359]
[13168,12973,12466,11903,11393]
[232,4682,13856,14647]
[8615,7716,4328,4563]
[4083,8138,12679,13619]
[12168,12545]
[8089,6189]
[7010,1066]
[8456,14615,14622]
[6843,7315]
[1320,4546,8517]
[11584,9266,8023,6405]
[12583,10594]
[10343,11213]
[12833,13781]
[1432,4328,10889,14397]
[1718,380]
[9194,3207,2779]
[9658,9464,8786,9183,8712,8813]
[7415,7932]
[1442,7006,12196]
[11970,10214,9001,4328,3078,1388]
[6835,723,455]
[2027,3844,5539,9347]
[312,1958,4839,10291,10692]
[9814,11390]
[1883,3213,3370]
[4328,10341,11999]
[2269,5576]
[11702,13201,13716]
[7679,4991,4183,3614]
[3586,5829]
[4943,3996,4123]
[6373,5073,5314,5270]
[5096,2096]
[737,7749,11947]
[5482,6025]
[1235,1601]
[2990,2812]
[13480,13252]
[13316,12745]
[3064,6785]
[10430,12680]
[11097,10696,10756]
[3755,1948,1301,1247]
[10514,8786,7707,7546]
[13303,7706,2634]
[7325,3556,3309]
[6969,12304]
[3440,2147,729,147]
[5656,8711]
[11111,3649]
[6310,11257,13014,14281]
[6841,6177]
[145,190]
[3097,2994]
[3049,11207,14078]
[11001,6843,2413,1924]
[7512,14546]
[14565,10091,3358,2697]
[8955,3685,1008,755]
[8259,11451,13875,14365]
[5647,5581,5547]
[1495,4974,10938,12797]
[1729,4956,10291,13665,14104]
[14106,13395]
[5668,10889,12454]
[6083,11149]
[11271,9670,5770]
[2783,11894,14736]
[13834,13420,12979,12876,12845,12747]
[5835,451,114]
[4111,11105,12293]
[7475,11292]
[11352,3189,1925]
[2485,9911,14622]
[13223,3831,2605]
[4392,5333,7715,8620,9520,10115,11257,12192,13362,13919]
[9532,2614,886]
[8693,10170]
[11499,9550,7862]
[12466,4682,2682]
[5780,1085]
[11513,4186]
[8859,10592,11971]
[5847,3624,1865,1226]
[11578,9722,6335]
[13332,12174,12196]
[1858,2538]
[13917,13238,12579]
[3357,14459]
[12730,4183,2243]
[4061,4839,5695,5886,6259]
[6041,9900]
[8466,10596]
[11298,3658]
[3898,8793,10756]
[4736,1773,797]
[6000,10786]
[7486,11053,11488]
[4662,2506,2091]
[364,5174,8400]
[5970,10602,10813]
[7851,5539,8146]
[4962,3324,2293,1730]
[12803,7749,1960,1211]
[6597,11451,13390]
[7676,9264]
[10428,3213,966]
[1777,8362]
[7403,496,136]
[2785,4682,5877]
[6677,6506]
[14099,10291,3730,3191]
[2084,3213,3763]
[14571,11659,4328,3807]
[2153,2114]
[3418,3529]
[6078,10938,12608]
[14744,11502,7715,4593]
[9941,3702,583]
[5240,2098]
[8229,9431]
[1288,4546,5732]
[12068,11105,10969]
[679,3099,5001]
[2335,7706,11783,13372]
[12156,5021]
[6916,5049,4614]
[3898,3844,5157,5787]
[9401,5541]
[2397,9001,11461]
[7074,7246]
[12913,10594,5539,2917]
[10402,9935,8852,8162]
[13460,10941]
[1427,9655,13152]
[13947,8023,1795,624]
[1489,4682,5907]
[12742,8138,2362,773]
[11652,11287]
[12201,13145]
[3087,8486,10195]
[13027,11236,5559,4891]
[3642,752,629]
[3096,698]
[895,1773,3234,4489,8224,10089]
[3716,11544]
[7692,3710,2485]
[14019,12314,9935,6067,3844,1617]
[9595,4687]
[3743,4839,7859,8321]
[2321,4546,9424,9784]
[9237,4400,2874,2535]
[5933,10889,12610,13555]
[9485,10794]
[13584,8138,3015]
[10460,7598]
[12900,10771,8836,8209]
[13141,8283]
[11055,13509]
[1483,6672]
[3457,9361]
[7679,5068]
[3995,10091,13198]
[3066,8927,10799]
[4148,7642,8280]
[3405,11451,13874]
[9405,6553]
[4593,2506,1637]
[907,8380,14127]
[12445,3844,2307]
[6654,11743]
[409,2039]
[6667,2873]
[12890,10590]
[11871,10938,10542]
[12254,8138,6461]
[10395,13066]
[4952,7859,9266,10933,10829]
[14666,13201,11992]
[9261,13055,14470]
[10599,11283]
[13182,10489]
[5146,7706,8037,7865]
[7401,8823]
[12772,12940]
[4567,10208,12542]
[1212,2943,3578]
[6387,8620,9588]
[3796,11152]
[12035,9550,6863]
[12698,4415]
[9968,3294,1225]
[8961,3182,2709]
[3601,2153,362,293]
[10093,2363,1607]
[11669,9192]
[12008,10131]
[1835,6151,11679]
[10155,11582,11783,12628]
[7025,9616]
[1353,4797,6405]
[4076,3213,2975]
[5531,2020,1663]
[10150,3996,2744]
[56,2614,7308]
[12546,12115]
[6059,10708,12648,14191]
[10458,13141]
[11811,3431,994]
[2173,4950,10720,14183]
[7908,11658,13937,14355]
[12571,10101,8037,4311,2698,1061]
[14033,9190]
[4626,5073,8392,8969]
[10118,9670,6006,6157]
[3295,4860]
[11932,13943]
[9682,4925]
[5375,2780]
[11710,9670,8274]
[3694,5503]
[877,4400,12421,13669]
[10398,9465,9135,8341]
[2801,1931]
[971,1885,2669]
[11543,9670,5152]
[13096,12648,12343]
[6917,10205]
[4888,758,134]
[14128,6994,1435]
[5990,8147]
[2842,2989]
[6440,9935,11115]
[5813,8852,8431]
[639,2153,4766]
[11236,2760,1745]
[2280,9805,12291]
[9847,1356]
[5717,8138,8608]
[6724,5214,4400,3676,3324,3406,3174,3211]
[10346,10063,8190]
[7440,9610]
[8661,4331,2446]
[6384,11898]
[11184,9365]
[9516,7048]
[11566,5205,3201]
[14343,9776,3570,2229]
[13850,12314,11257,10061,8677]
[3868,9853,11627]
[2963,9107]
[6546,4467]
[14376,12389,9698,5110]
[7372,2806]
[9395,10373]
[6017,5376]
[9075,9670,10255,10326]
[12379,9525,6491]
[542,1885,4311,9403,11894,14405,14704]
[3944,5341]
[8478,12767]
[11147,9207,5581,5251]
[10818,9041]
[6307,9935,10702]
[4394,10291,14428,14613]
[12264,14200]
[315,1465,4270,8347]
[5075,3182,1394]
[10785,11214]
[5399,5073,4839,5257,6979]
[4931,9417]
[2624,1581,257,140]
[8086,10063,12500,12590]
[3872,3490]
[6293,6786]
[5753,11257,13653,14526]
[2181,10385,13891]
[11208,9266,8023,5224]
[7995,8023,7789]
[876,495]
[14313,11257,7976,5139]
[9886,2752,2223]
[12384,9001,3570,1408]
[3422,5157,5764]
[12959,11451,11236,9406,8105]
[9900,8931,7518]
[8033,521]
[149,758,2614,5384,10078]
[14506,13253]
[10830,10063,8444]
[9172,8138,7364,6026]
[7876,7671,8023,9266,9001,8551,8569]
[4587,11252,12567]
[6677,12182]
[12693,12597]
[1664,6000]
[9849,9354,7852,6344]
[11283,9555,8759]
[1351,3903,9266,12389]
[6710,9183,10178,11064,12201]
[385,4328,12068,13017]
[3099,4692,5319]
[8097,10889,11295]
[10114,14632]
[12266,11574]
[10033,5205,2836]
[8303,6994,6381]
[5531,1355,467]
[12861,10091,8543]
[14503,10666,5457]
[12332,2735,1641]
[10304,7796,4400,2627,2265]
[12716,11236,11419]
[6855,5073,5565]
[766,5073,10783]
[4928,4366,4241]
[7282,3182,1415]
[9161,4183,3952]
[13085,9952,6734]
[3257,12423]
[8028,6034]
[8757,4400,2899]
[2879,3844,8392,9722]
[13503,11341]
[6298,6525]
[13807,5967,4326]
[12829,11451,10720,9446,8302]
[14282,12758]
[1570,4320]
[13506,11989]
[4322,3743]
[4827,4543,4450,5288]
[5213,11451,11826]
[4854,10142,13792,14730]
[10966,8399,3324,967]
[6128,6779]
[4788,4839,4368]
[7498,1138]
[6026,13110,14473]
[4397,2153,708,32]
[12265,9678,9199]
[6129,8023,6232]
[13692,8486,5006]
[14543,12433,11638]
[5216,9304]
[6402,8117]
[11770,4685,3116]
[298,3480,7267]
[13764,11735,10541,9677,9337]
[2336,3993,5950,9001,11117,11207]
[5675,3278]
[7871,6316]
[5666,7548]
[350,5567,11170]
[7239,6211]
[6719,5381]
[6662,10291,11940]
[838,7112]
[7632,10091,13175,14532]
[13210,11231]
[9129,3182,1403]
[1779,8982,12060]
[2624,9912]
[661,4964]
[13083,4400,747]
[1093,9292]
[13273,5539,650]
[9833,6006,4601]
[11983,7565]
[9686,8852,7716,7704]
[7443,9670,12648,13572]
[10545,8583,4950,4472]
[8353,5319,5494]
[2181,1646,1852]
[4243,8399,10422]
[344,342]
[13343,9266,3730,962]
[12843,11257,8728,8860]
[12803,10063,5976]
[6526,5173]
[11220,7716,1953,1298]
[9720,8131]
[10742,7301]
[9550,5737]
[3855,10933,13807]
[7467,10524]
[11898,10371]
[9940,13919]
[10721,14492]
[10190,2527]
[3324,6067,9004]
[3340,9550,13165]
[1677,4998]
[3406,10499,12193]
[13076,11658,10061,9321]
[3906,11320]
[9227,5604]
[14051,13835,14553]
[9557,7530]
[4594,3373]
[4179,8787]
[14678,11741]
[10271,2153,270]
[8155,7556]
[7744,2603,1977]
[13655,10938,9886]
[9168,8138,9222,9702]
[3358,9911,12114]
[8546,5539,6945]
[388,3710,5821]
[3990,4979]
[11277,8162]
[8113,11255,11785]
[8783,9550,10061,10465]
[8355,4514]
[4162,8194,9385]
[9588,7706,7137]
[13372,10706]
[13621,3285]
[7849,6550]
[14478,8037,6944]
[14317,11567,9843]
[12900,10154]
[7985,9001,8517]
[9128,3556]
[7228,8103,8353]
[745,3182,5690]
[8572,6821]
[3714,1556]
[2019,2279,1861]
[5102,2824]
[7933,8217]
[10829,10604]
[11767,7938,7814]
[2055,3844,7185,8326]
[6527,4328,4141]
[10361,7651]
[11582,4970,1477]
[11017,14372]
[13703,11658,9911,8077]
[3450,1619]
[4895,3044]
[7513,9935,11394,12139]
[3660,9468]
[1355,3474,6994,10565,13235]
[6040,11236,12909]
[2256,4489,8138,10889,13059]
[11736,12375,14139,14309]
[11033,11363]
[11244,3702,1140]
[7339,8144]
[3607,3431,3507]
[11947,4839,708,406]
[4235,3324,1848]
[1571,1773,2153,1623,2001]
[3253,11401]
[7679,3274,1165]
[1622,1465,1430]
[10622,10492]
[5805,8399,9935,10743]
[8522,9670,10593,10750]
[5742,10551,11625]
[14072,11064,5508,4704]
[10476,5628]
[2219,3180,3182,4191,4635]
[11397,9670,5834]
[14231,10266,9863]
[3175,3635,3905]
[7755,3130,1332]
[1591,3324,4489,7715,10266,12080]
[8398,9327]
[5299,3213,1406]
[10372,5508,2943,2129]
[14646,9550,1885,52]
[13435,8924]
[7392,1588]
[6441,10291,10165]
[7550,14693]
[8779,5581,5397]
[9960,12421]
[7598,4839,4670,4801]
[6827,650,468]
[2981,3982,5384,7933]
[7679,3865]
[14610,13875,13201,12603]
[13171,11910,11339]
[3766,12019,13088]
[11595,13961]
[1814,4240]
[14193,13809]
[9057,10995,11605]
[12165,8620,2603,1675]
[9702,10392,11236,13110,12977]
[7239,4400,3902]
[5867,11236,14719]
[6615,5465]
[10287,2887,199]
[1711,4400,8443]
[14406,13536]
[7565,10059]
[10377,4328,650,445]
[8109,14046]
[1107,7749,10632]
[154,3073,9338]
[14314,10178,3995]
[2946,4155]
[8253,4839,3641,3667]
[7511,8786,9962]
[7904,4727,5881]
[81,3978,5033]
[7553,6257]
[12321,9172,4925]
[9378,3333]
[3351,4460,4665]
[8623,4030,2095]
[8191,1465,344]
[14183,9901,3570,1988]
[6393,1795,1505]
[9858,11140]
[14179,8929,2895]
[11985,13443]
[8191,13580]
[7348,3635,3830]
[492,3293,8380,13283,13901]
[816,3917]
[7165,6988]
[13661,5073,2199]
[10668,11668]
[9389,2614,1645]
[8602,4328,2444]
[13722,13774,13629]
[2503,349]
[14441,10549]
[4618,717]
[10170,8250,5964]
[7814,12648,14264]
[9908,10421]
[9375,6354]
[715,1847,3130,4543,8120,10074,12366]
[12778,10889,8037,7681]
[8099,8138,9035,8571]
[13091,9354,3710,2964]
[9170,1465,768]
[11563,10745]
[13227,8399,2227]
[2305,2019]
[5103,13345]
[11991,5782,2221]
[4689,1774]
[3062,5539,8583,9561]
[3240,7715,11749]
[7465,1028]
[9850,5116,4762]
[3055,4328,5331,8500]
[4450,9944,12423]
[11981,5224]
[3719,11799]
[12342,10499,9447,9335]
[11060,13996,14311]
[4174,5201]
[9078,10000,9414]
[12657,5433,3269]
[4220,6642]
[12801,7715,3864]
[696,2435,4936]
[7,362,906,2080,3304,4809,4917]
[8670,10048]
[6327,8365]
[11242,3702,593]
[2715,7749,9769]
[13987,10938,8380,7186]
[13775,9658]
[5401,9098]
[3427,4336]
[1444,2966]
[11452,3830]
[3471,5858]
[2127,9203]
[3245,4543,6710]
[8801,10694,13014,13643]
[4557,3844,1731,798]
[6723,8954]
[7437,4740,4171]
[8772,12787]
[2915,3323]
[6048,7480]
[6647,4100,2846]
[10760,13989]
[5578,3477]
[13930,13569,12719]
[14593,11783,9990]
[9644,6367]
[11154,9525,6741]
[5834,9252]
[4149,2854]
[14011,13004,12390]
[14734,12033,7478,3142]
[5491,10938,14402]
[1833,4687]
[11322,12791,14349]
[2264,5049,10234,10936]
[1201,2697]
[2105,9853,12348]
[4585,13238,13605]
[14175,10889,7329]
[12872,11932]
[6152,2078,1543]
[5203,9406]
[6049,4839,4734]
[3296,4328,8023,9296]
[13259,13053]
[5118,6165]
[5572,5599]
[14629,13835,13670]
[15,3195,10889,12894]
[10273,2363,1761]
[2218,4237,6575]
[12723,14584]
[7146,10082]
[2765,773]
[11666,13489]
[8992,10063,9424,8800]
[11778,9928]
[14587,10976]
[14398,10654,5073,4289]
[8288,3481,1030]
[3615,4400,8181]
[342,3570,11354,12604]
[3587,9901,11198]
[207,1773,5073,10530]
[3648,4328,5181,6029]
[6360,10652,12055]
[10776,7999,5841]
[8676,10889,13357]
[4951,3435]
[9741,4543,3999]
[13751,11257,6994,5166]
[11838,9951]
[5422,11105,13632]
[6565,9266,9464,10164]
[113,1054]
[5681,9935,11054]
[8187,9152]
[11509,9354,4328,2760,1098]
[4684,2506,1517,682,179]
[2578,595]
[154,1465,5356,5547]
[9200,10171]
[8373,3324,2375]
[14528,10723]
[7733,6761]
[12439,12996]
[8187,6996]
[1885,8138,10956]
[383,1885,6110,10674]
[12218,8138,1115,114]
[7911,9306]
[1871,375]
[1599,2225,2689,3009]
[4000,5189,9266,10291]
[5792,3213,2390]
[8330,7997]
[1270,10178,13061]
[1468,2153,1542]
[11080,3037,1819]
[3402,5539,8456]
[14007,11773]
[1938,7825]
[6827,10291,11557]
[7779,5610]
[13356,10247,5244,4528]
[11934,8704]
[13480,8931,4755]
[14089,11105,5539,2922]
[251,1417,1304,1696]
[9032,4682,4192]
[3962,11275,12448]
[5105,11451,12870]
[366,1885,5356,6922]
[5509,3462,2247]
[4539,7716,5780]
[5609,5539,5979]
[8203,4199]
[389,3702,10352]
[8791,10063,12433,12369]
[5978,9436]
[4828,6854]
[2992,8488]
[13048,3844,2256]
[8265,4829]
[4554,12121,13118]
[2094,3130]
[6922,4079]
[5043,13558]
[12644,5519]
[13950,13201,14056]
[10749,8686,8242]
[5720,3933,3578]
[8653,8831,8621]
[781,2373,3717]
[3559,10938,13637]
[5558,6769]
[12031,9596,7523,3978,1987,700,214]
[1911,855]
[8307,3757,2553,2401]
[158,2887,9814,10910]
[1902,4255]
[11182,10178,7852,6240]
[12351,10291,8207]
[12002,8203]
[5176,10889,14661]
[7904,7004]
[13264,13043,12713,12879,12740,12718]
[7922,13419]
[6919,3702,2603]
[13093,7162]
[10702,8499,7924]
[1902,3293,4853,7116]
[7072,6800]
[3885,5073,9727,12068,12981]
[4481,3589]
[2877,11306]
[14003,9359]
[8371,12021,13490]
[7801,9678,11033]
[8456,10938,11430]
[6092,2689,2249]
[7312,11257,13395,13972]
[13973,12924]
[5994,2132]
[1136,7286,12661]
[5788,10063,11105,11806]
[7566,3312]
[5325,3296,3092]
[8695,11207,12865]
[6173,10305]
[5094,2205]
[10096,8399,4183,3186]
[12389,5539,1688,1052]
[1722,4145,9424,12195,14359]
[6866,5817]
[7029,11165,13514]
[8326,7715,7830,7964,7767,7461,6899]
[12334,8002]
[3629,4069]
[12744,10063,6378]
[7619,8881]
[5392,13632]
[3051,2437,1598,1535]
[7183,10656]
[7726,3324,2722,2960]
[4658,5212]
[11449,13063]
[6178,9670,11219]
[211,516]
[750,1843,3274,4848,4866]
[135,2437,9742,14143]
[4576,10521,14089]
[14605,9245,6693]
[14371,9952,7712]
[4670,2603,700,600]
[7404,7716,5800]
[7976,5539,5648,5948]
[10327,8620,4328,1773,625]
[626,5384,8177]
[9008,11922]
[7266,7970]
[9249,6932]
[172,221]
[13948,10602,10016]
[2394,2603,1654]
[14664,10291,4660]
[13633,12645]
[4134,8444]
[1504,5356,7255]
[769,2153,3664]
[353,3324,11105,14070]
[4131,9708]
[7805,11236,11983]
[785,3182,8037,12087,13247]
[9151,8620,9782]
[6784,3175,2088]
[6531,1465,42]
[10965,12168,12064]
[4263,8786,9734]
[4092,9851,13065]
[11869,7715,3213,1920]
[9074,5235]
[5589,10281]
[2761,3702,5655]
[14516,11236,9202]
[5130,1232]
[9751,10997]
[3735,1304]
[13006,4703,3574]
[5514,9550]
[9191,2225,1211]
[2674,5331,7927]
[7627,1174,405]
[9878,12190]
[6278,10420,11273]
[8317,6765]
[12267,10519]
[5766,9567]
[13696,11505]
[9036,11291]
[2437,4328,6560,9336]
[2895,6294,10627]
[6077,11029]
[7446,3213,2761]
[2982,2627,2840]
[2303,1696]
[9758,13455,14412]
[4974,11910,12452]
[13752,9748,4959]
[12504,11687]
[5145,7614]
[5922,3838]
[13662,6345,1410]
[4707,9361,12444,12924]
[7226,10938,12350]
[8293,7404,4413,4098]
[3350,159]
[268,4839,11325]
[5935,7620]
[14322,12645]
[6517,9426,11442,10793]
[7169,10938,14355]
[2489,4100,7063,8786,10555,10746]
[2059,9979]
[11989,11736]
[11338,9525,8760]
[10086,13255]
[14463,10369,4400,1115,863]
[10948,5289,4385]
[10693,12829]
[13096,7840]
[6816,11502]
[7902,11901,14023]
[13615,10063,9861]
[8023,9504]
[3904,8852,13337]
[7359,4328,3073,1388,615]
[8916,2363,1391]
[7816,11260]
[3677,4965,7286,9298,10231,11598,12940]
[5976,9183,9453]
[7630,5056,4199,3130,2753,2769]
[4052,11462]
[8677,12906]
[5392,4009,3999]
[5773,3130,1775]
[12459,9670,8979]
[3308,9056]
[6899,10740]
[7825,10486]
[6798,9572]
[8143,3992,3826]
[2755,3324,5611,5340]
[7780,7256,6203]
[13410,11582,9585,5950,3728,2077]
[10236,4026,2537]
[8529,3676,3234]
[10559,5463,4759]
[5883,10911]
[10808,9354,5289,3989]
[7293,10499,13528,13842]
[3869,6276,9853,12068,13614]
[13715,7859,6717]
[10823,9670,7121]
[799,3182,6685]
[1395,2722,3641,5029,8620,10541,12388]
[12509,9005,7707]
[8205,11971]
[4195,5163,5942]
[12927,12433,12938]
[3457,4941,7835,10291,12019,13684,14501]
[4126,7605]
[13088,9196,8456]
[1488,8023,12192]
[10771,9645,7661]
[14465,14681]
[6564,4328,4967]
[6983,3570,2930]
[10075,2603,485]
[6640,8849,10178,10535]
[6442,9266,10061]
[3260,5205,5706]
[9484,5337]
[10634,7407]
[8788,3182,1442]
[5303,13738]
[1523,3708,4241]
[5701,4740,3933,2603,1093,672]
[11404,10708,9413,9118]
[6292,12375,13501]
[4198,10181]
[12193,10431]
[12586,11783,9748,9504]
[123,995,2212]
[123,757,2614,3260]
[1366,8852,14258,14370]
[10688,5802]
[11120,11451,11502,10595,9645,8403]
[13942,4400,3030]
[8591,12357,14628]
[892,5289,8091]
[2044,3911,5841]
[5686,9670,10694]
[2228,4612,5529]
[6345,2833]
[6842,4080,2782,1408,798]
[3843,10907]
[14651,10938,4685,4144]
[3265,4539]
[4969,2697]
[2163,3210,4016]
[12523,10009]
[10644,10594]
[7107,12654,13710]
[3386,3519,3528]
[14024,12551]
[5890,2646]
[856,3099,6994,11598,14198]
[4965,4460,4331]
[752,4689]
[5764,4005,2824]
[13472,13706]
[12917,4460,2331]
[9087,7715,5364]
[5411,10654,12378]
[13499,9670,7958]
[2489,8307,10723]
[5162,9030,10015]
[7946,12531,13636]
[5944,13175,13926]
[12778,9464,4372]
[12989,9038]
[2465,11094,12630]
[12338,11969]
[3029,4100,5118]
[1122,7716,9589]
[6997,10938,13911]
[1741,4170]
[9359,10499,10269]
[12404,14531]
[1096,1824,1576]
[11445,9266,4839,2540,966]
[8474,13635]
[14443,9183,3391]
[13620,9901]
[13937,13875,14047]
[11547,12230]
[12568,10208,9001,4328,3073,1064,609]
[845,5251,7962]
[12977,13875,13201,13014,12154]
[2393,4682,9935,11876]
[13716,7404,3602]
[1077,5356,7279]
[11715,12067]
[9157,3710,1661]
[10725,12531,14266]
[11330,10495,10794]
[2395,5691]
[14109,10654,5093]
[5735,14487]
[14186,10208,4489,3978]
[8354,9689]
[6549,11257,12047]
[11617,7715,3400,2853]
[4569,4839,7890,8183]
[7762,11236,13743,13984]
[8667,9001,7964,5189,4786,4803]
[11192,8831,6184]
[10561,9701,9668]
[480,1431]
[305,8138,13282]
[75,748]
[10104,11747]
[2366,3486]
[2775,1494]
[13700,11686,9525,6992]
[1256,1654,1253]
[14038,12648,12469]
[9655,6023,4924]
[12725,4922,2099]
[7274,3740,1891]
[10121,8756,5181,4126]
[2193,8786,10016]
[1614,9424,14211]
[11892,13354,14725]
[14559,10549,4635,4109]
[1806,4400,8786,11804,14188]
[6237,4590]
[2621,8852,11130]
[7825,8925,6565]
[3082,10291,11115]
[5242,8931,10291,11064,12485,12834]
[3315,9679]
[2557,5901]
[7753,7716,8206,8900]
[1162,1761,1654]
[112,1482,1654]
[112,257,432,760,977,1517,1636,1654]
[112,257,432,760,977,1517,1636,1654]
[112,257,432,760,977,1517,1636,1654]
[1366,8852,14258,14370]
[10688,5802]
[11120,11451,11502,10595,9645,8403]
[13942,4400,3030]
[8591,12357,14628]
[892,5289,8091]
[2044,3911,5841]
[5686,9670,10694]
[2228,4612,5529]
[6345,2833]
[6842,4080,2782,1408,798]
[3843,10907]
[14651,10938,4685,4144]
[3265,4539]
[4969,2697]
[2163,3210,4016]
[12523,10009]
[10644,10594]
[7107,12654,13710]
[3386,3519,3528]
[14024,12551]
[5890,2646]
[856,3099,6994,11598,14198]
[4965,4460,4331]
[752,4689]
[5764,4005,2824]
[13472,13706]
[12917,4460,2331]
[9087,7715,5364]
[5411,10654,12378]
[13499,9670,7958]
[2489,8307,10723]
[5162,9030,10015]
[7946,12531,13636]
[5944,13175,13926]
[12778,9464,4372]
[12989,9038]
[2465,11094,12630]
[12338,11969]
[3029,4100,5118]
[1122,7716,9589]
[6997,10938,13911]
[1741,4170]
[9359,10499,10269]
[12404,14531]
[1096,1824,1576]
[11445,9266,4839,2540,966]
[8474,13635]
[14443,9183,3391]
[13620,9901]
[13937,13875,14047]
[11547,12230]
[12568,10208,9001,4328,3073,1064,609]
[845,5251,7962]
[12977,13875,13201,13014,12154]
[2393,4682,9935,11876]
[13716,7404,3602]
[1077,5356,7279]
[11715,12067]
[9157,3710,1661]
[10725,12531,14266]
[11330,10495,10794]
[2395,5691]
[14109,10654,5093]
[5735,14487]
[14186,10208,4489,3978]
[8354,9689]
[6549,11257,12047]
[11617,7715,3400,2853]
[4569,4839,7890,8183]
[7762,11236,13743,13984]
[8667,9001,7964,5189,4786,4803]
[11192,8831,6184]
[10561,9701,9668]
[480,1431]
[305,8138,13282]
[75,748]
[10104,11747]
[2366,3486]
[2775,1494]
[13700,11686,9525,6992]
[1256,1654,1253]
[14038,12648,12469]
[9655,6023,4924]
[12725,4922,2099]
[7274,3740,1891]
[10121,8756,5181,4126]
[2193,8786,10016]
[1614,9424,14211]
[11892,13354,14725]
[14559,10549,4635,4109]
[1806,4400,8786,11804,14188]
[6237,4590]
[2621,8852,11130]
[7825,8925,6565]
[3082,10291,11115]
[5242,8931,10291,11064,12485,12834]
[3315,9679]
[2557,5901]
[7753,7716,8206,8900]
[1366,8852,14258,14370]
[10688,5802]
[11120,11451,11502,10595,9645,8403]
[13942,4400,3030]
[8591,12357,14628]
[892,5289,8091]
[2044,3911,5841]
[5686,9670,10694]
[2228,4612,5529]
[6345,2833]
[6842,4080,2782,1408,798]
[3843,10907]
[14651,10938,4685,4144]
[3265,4539]
[4969,2697]
[2163,3210,4016]
[12523,10009]
[10644,10594]
[7107,12654,13710]
[3386,3519,3528]
[14024,12551]
[5890,2646]
[856,3099,6994,11598,14198]
[4965,4460,4331]
[752,4689]
[5764,4005,2824]
[13472,13706]
[12917,4460,2331]
[9087,7715,5364]
[5411,10654,12378]
[13499,9670,7958]
[2489,8307,10723]
[5162,9030,10015]
[7946,12531,13636]
[5944,13175,13926]
[12778,9464,4372]
[12989,9038]
[2465,11094,12630]
[12338,11969]
[3029,4100,5118]
[1122,7716,9589]
[6997,10938,13911]
[1741,4170]
[9359,10499,10269]
[12404,14531]
[1096,1824,1576]
[11445,9266,4839,2540,966]
[8474,13635]
[14443,9183,3391]
[13620,9901]
[13937,13875,14047]
[11547,12230]
[12568,10208,9001,4328,3073,1064,609]
[845,5251,7962]
[12977,13875,13201,13014,12154]
[2393,4682,9935,11876]
[13716,7404,3602]
[1077,5356,7279]
[11715,12067]
[9157,3710,1661]
[10725,12531,14266]
[11330,10495,10794]
[2395,5691]
[14109,10654,5093]
[5735,14487]
[14186,10208,4489,3978]
[8354,9689]
[6549,11257,12047]
[11617,7715,3400,2853]
[4569,4839,7890,8183]
[7762,11236,13743,13984]
[8667,9001,7964,5189,4786,4803]
[11192,8831,6184]
[10561,9701,9668]
[480,1431]
[305,8138,13282]
[75,748]
[10104,11747]
[2366,3486]
[2775,1494]
[13700,11686,9525,6992]
[1256,1654,1253]
[14038,12648,12469]
[9655,6023,4924]
[12725,4922,2099]
[7274,3740,1891]
[10121,8756,5181,4126]
[2193,8786,10016]
[1614,9424,14211]
[11892,13354,14725]
[14559,10549,4635,4109]
[1806,4400,8786,11804,14188]
[6237,4590]
[2621,8852,11130]
[7825,8925,6565]
[3082,10291,11115]
[5242,8931,10291,11064,12485,12834]
[3315,9679]
[2557,5901]
[7753,7716,8206,8900]
[112,257,432,760,977,1517,1636,1654]
[112,257,432,760,977,1517,1636,1654]
[112,1482,1654]
[1162,1761,1654]
[1162,1654]
[113,1417,1654]
[113,2137,3652]
[5432,9266,10542]
[832,933]
[12,662,1470,1837]
[12,662,1470,1837]
[12,662,1470,1837]
[12,662,1470,1837]
[12,662,1470,1837]
[12,662,1470,1837]
[12,662,1470,1837]
[12,662,1470,1837]
[12,662,1470,1837]
